100
765 210 448 322 29 861 909 360 59 637 828 270 87 141 313 201 503 160 547 49 171 245 244 939 266 26 911 109 314 824 749 74 926 692 964 95 812 563 752 754 347 397 398 899 996 795 152 689 715 342 721 234 295 433 676 248 831 252 148 922 502 680 733 132 814 970 931 643 204 27 227 425 305 146 257 785 832 606 319 592 947 657 956 1 487 10 954 427 163 481 560 485 397 175 289 236 38 876 14 654
233 462 293 746 909 368 213 484 21 930 534 8 502 609 245 860 917 594 833 238 360 764 964 138 992 360 741 525 390 902 798 676 571 661 455 145 691 336 177 643 112 371 825 29 28 927 792 171 464 671 22 608 223 483 512 479 332 333 487 575 292 157 565 866 728 359 939 208 818 512 375 256 378 583 950 709 996 248 260 157 682 453 652 883 671 173 505 183 363 606 759 277 352 796 963 601 596 492 12 246
829 865 148 102 574 330 600 440 406 19 639 146 706 664 323 663 926 440 766 256 57 909 397 839 91 999 263 593 470 530 889 291 570 198 898 663 339 617 502 907 649 29 828 538 251 898 338 224 270 843 887 799 564 732 372 303 59 98 12 241 573 141 264 760 868 835 764 78 909 230 147 158 17 727 976 941 676 130 637 394 903 706 244 887 270 416 343 909 399 231 175 706 744 722 35 539 545 627 506 443
37 214 216 314 663 143 554 173 534 155 242 879 415 260 299 187 295 809 497 978 218 322 516 653 45 626 90 94 505 168 631 329 206 510 239 323 331 400 711 583 915 447 313 348 114 421 514 542 831 184 3 613 681 771 779 731 462 817 374 872 985 180 342 403 750 503 64 722 622 206 314 761 581 904 637 857 524 48 833 600 29 802 571 90 943 280 544 418 872 351 914 208 937 108 514 17 203 522 201 430
554 740 638 195 809 970 589 461 469 775 393 154 116 424 731 885 89 372 566 256 942 267 484 1 774 927 870 301 573 572 293 56 651 871 848 750 663 535 301 364 104 912 911 322 909 666 741 939 797 666 310 910 867 11 710 860 870 923 345 366 572 256 881 809 234 281 655 975 260 379 260 999 285 109 308 524 525 269 630 947 111 353 409 11 904 514 470 497 667 801 609 424 670 829 980 481 150 218 812 49
378 524 276 272 708 411 781 517 544 16 982 933 823 409 523 959 545 119 904 333 468 220 4 452 280 323 366 452 856 28 34 916 791 625 142 639 462 556 725 465 605 857 201 651 293 286 972 861 597 555 520 320 364 76 427 411 536 682 866 869 979 972 725 374 115 648 184 705 934 315 685 815 446 59 193 59 220 251 904 745 355 212 125 826 45 717 940 487 100 282 686 442 928 159 779 879 450 307 79 266
913 139 22 233 48 55 820 674 844 256 504 834 424 117 860 689 897 125 612 785 10 802 362 335 371 431 505 112 631 224 196 357 704 498 794 676 165 265 355 705 927 133 1 98 624 109 289 905 781 157 941 387 614 809 422 48 707 756 326 701 888 249 108 245 897 66 750 368 927 391 434 911 817 966 573 879 870 145 858 80 617 469 481 657 16 939 979 675 261 522 95 322 165 432 628 364 782 517 44 50
205 488 977 510 695 476 164 867 971 942 323 215 286 751 25 215 721 80 91 821 369 928 29 556 293 568 222 256 3 784 277 464 53 47 879 319 817 516 41 907 398 238 758 837 650 174 26 783 151 973 359 155 902 552 744 428 514 233 74 519 161 419 679 23 973 41 273 186 710 747 260 588 406 451 629 334 61 854 889 309 746 660 589 879 799 813 528 834 753 156 532 64 877 65 471 203 25 164 24 69
586 285 787 528 150 716 630 529 833 325 595 607 924 634 205 556 589 369 58 538 120 882 264 950 110 960 125 233 119 254 639 827 294 155 596 752 872 691 945 19 1 413 309 46 195 258 100 277 459 523 32 31 834 906 415 214 766 267 263 796 388 303 99 706 944 217 656 336 777 407 347 772 909 103 67 697 293 210 7 237 325 39 646 336 224 490 202 199 292 914 722 735 464 332 717 487 249 656 55 472
579 769 128 612 617 622 378 802 306 30 334 574 590 389 566 134 424 300 342 548 7 953 106 668 587 13 254 46 509 290 545 291 893 155 776 470 563 699 390 806 176 140 867 983 688 454 528 425 511 262 551 774 511 13 939 304 415 483 781 607 271 450 377 124 686 988 214 616 639 56 317 667 69 639 339 154 255 923 573 814 483 126 270 522 24 720 726 348 830 496 270 924 874 818 360 427 922 10 352 318
755 166 316 898 110 395 342 814 302 383 867 399 621 25 312 951 835 107 580 7 955 308 672 31 997 185 727 638 302 104 611 180 304 446 208 372 183 49 514 709 294 885 267 551 979 102 553 576 996 320 550 549 954 992 616 286 385 368 904 264 75 997 6 477 552 917 55 973 195 353 117 869 806 150 408 1000 147 379 219 1000 311 811 954 363 533 860 443 881 25 450 586 172 838 744 700 864 619 228 468 84
841 699 396 231 296 992 70 590 829 550 469 213 142 982 944 874 677 922 755 349 861 664 163 616 843 27 341 402 475 886 572 129 911 535 262 285 329 66 765 326 919 313 606 220 842 509 30 69 7 417 2 927 123 102 603 663 592 589 299 376 959 576 173 272 961 365 9 519 161 410 299 662 737 487 11 487 333 631 995 908 146 12 767 325 88 687 79 979 283 284 422 342 148 184 647 995 196 855 150 434
464 986 548 722 984 516 624 658 468 527 355 789 185 99 339 243 345 160 230 236 973 812 219 241 520 415 195 730 794 356 325 82 889 244 941 611 560 416 998 626 271 602 442 680 265 179 965 962 636 852 615 861 767 387 505 589 445 802 127 710 893 188 244 153 870 392 203 492 341 689 934 80 612 233 227 931 183 101 422 656 482 688 120 463 651 25 921 580 383 167 655 471 376 920 713 17 307 363 858 288
760 124 163 16 61 8 218 838 861 54 691 429 417 756 211 34 655 593 722 224 480 285 914 863 707 127 299 541 179 136 552 802 624 675 444 655 544 514 528 899 180 712 518 877 368 858 155 210 155 362 457 57 927 680 250 563 768 499 832 896 379 138 142 236 10 289 204 956 128 706 267 54 261 937 777 817 448 534 518 753 469 274 974 248 993 750 10 198 425 553 664 339 754 602 55 564 465 225 570 111
410 488 613 397 38 520 219 923 5 629 673 836 883 538 728 205 609 597 874 845 578 637 626 386 856 447 830 339 338 283 750 96 329 467 139 309 789 754 78 98 465 717 596 396 206 387 235 672 72 820 718 233 986 858 564 294 493 521 229 72 367 719 733 854 586 984 803 658 562 221 366 768 388 918 858 217 403 511 445 765 352 523 857 303 467 145 673 169 468 397 544 590 330 991 529 391 863 89 360 635
748 201 188 466 888 595 826 669 193 365 437 290 718 807 288 247 54 930 134 245 414 752 600 649 333 796 998 727 675 57 934 505 908 647 833 12 719 439 723 772 827 27 974 836 201 305 874 74 893 695 302 636 650 141 277 864 969 793 803 736 889 121 523 720 347 78 237 428 693 164 964 131 409 572 254 663 335 200 508 327 426 739 368 955 920 406 408 367 386 227 222 508 324 784 590 725 389 246 527 827
862 38 503 952 61 343 999 710 380 646 667 558 553 154 531 659 733 742 212 846 199 163 486 732 333 180 954 534 294 480 190 831 360 425 674 709 971 629 688 706 782 639 772 629 220 508 289 40 287 349 964 181 567 655 140 520 587 665 632 845 144 418 215 105 556 934 57 988 227 345 830 546 486 264 947 931 388 779 739 958 745 639 894 96 108 975 636 400 13 570 938 759 649 851 517 19 422 915 346 565
454 202 541 277 283 500 18 693 126 310 376 30 5 273 139 475 40 19 275 306 962 459 192 657 370 580 700 550 775 255 568 324 633 26 133 563 58 299 448 979 595 735 203 408 249 948 812 623 566 314 875 795 683 574 974 537 208 350 445 379 189 253 668 677 788 723 388 585 96 76 959 560 355 224 494 74 287 144 226 391 597 339 306 473 904 491 15 565 159 729 642 890 406 927 75 350 648 710 65 89
624 818 788 49 629 156 883 136 694 446 317 123 879 894 160 636 432 521 84 295 120 710 993 63 613 441 250 530 87 265 606 202 817 295 773 441 182 583 361 313 538 507 223 920 135 575 747 287 728 468 65 452 693 87 776 150 281 204 385 809 968 630 19 577 459 796 235 733 640 805 15 44 417 339 161 621 966 951 755 817 446 534 249 447 330 484 552 83 794 760 194 865 301 910 13 593 391 852 784 734
264 168 776 4 542 342 560 864 733 453 415 888 761 481 720 521 201 603 642 396 469 912 918 658 654 795 526 673 852 583 339 234 260 310 671 941 370 273 426 975 57 679 923 184 21 96 222 485 328 110 549 456 142 785 130 597 205 814 24 338 764 226 472 522 844 380 779 92 977 553 728 3 532 210 548 429 873 92 908 898 23 813 829 615 819 208 596 603 284 957 943 812 655 101 306 604 368 533 905 19
713 811 415 186 587 671 962 863 982 478 286 806 581 72 380 637 602 993 496 441 596 228 695 234 413 919 703 519 497 543 226 421 961 414 860 949 594 282 929 309 873 667 575 401 849 945 523 19 502 617 69 103 982 393 790 556 212 64 988 932 821 742 663 417 338 597 711 488 284 975 605 715 946 866 57 383 390 745 169 378 566 811 747 695 281 65 376 850 926 630 56 214 707 969 829 466 468 22 897 450
944 434 748 33 39 752 470 39 539 114 594 485 440 313 258 315 254 816 432 780 386 493 462 733 176 235 858 139 50 541 842 154 706 509 955 247 162 154 354 109 684 967 709 255 379 371 473 996 564 966 366 732 371 6 116 306 3 137 346 908 224 441 485 20 306 690 768 33 400 597 306 623 63 739 368 17 428 427 438 128 800 59 69 216 127 820 180 125 994 246 554 817 845 216 146 216 351 79 549 278
838 17 226 1000 717 187 340 42 760 217 565 902 105 96 8 400 572 135 810 490 760 651 571 104 668 908 599 168 929 937 406 117 619 170 54 234 928 781 924 40 211 968 815 967 11 683 293 967 587 431 71 730 607 803 20 614 774 282 919 586 153 70 908 726 178 879 757 809 737 412 968 59 514 274 376 699 309 484 579 640 702 110 926 671 620 587 802 650 558 776 246 350 761 853 599 331 680 282 232 578
650 178 194 235 462 680 820 659 958 976 23 328 812 267 802 877 399 501 479 869 305 836 416 491 346 745 975 718 723 479 85 909 59 532 783 718 422 288 975 438 116 949 993 19 359 224 732 379 589 425 37 257 812 482 508 747 952 143 836 712 343 861 468 845 850 770 994 576 230 987 567 337 272 487 434 269 269 229 492 807 79 140 950 777 671 927 688 334 179 758 956 753 145 794 106 258 829 802 500 44
790 419 296 764 227 787 534 862 676 356 120 172 186 96 522 270 907 478 571 279 208 696 869 65 158 309 647 105 354 226 210 389 657 324 418 384 325 629 874 848 191 149 798 921 804 941 730 198 353 44 298 771 661 773 279 920 855 59 600 166 175 852 265 980 889 386 947 938 432 197 704 425 28 988 692 4 740 897 260 373 805 388 463 461 517 742 997 166 409 766 253 849 206 199 494 664 168 762 401 271
703 721 821 185 223 388 305 679 73 898 151 162 436 242 259 786 355 439 989 169 187 514 329 680 323 323 420 938 983 981 377 46 922 576 582 466 981 724 750 557 474 937 228 962 976 393 301 166 453 669 670 722 558 538 502 287 171 50 621 719 421 198 700 635 92 246 931 949 321 922 399 692 15 849 852 901 755 296 907 794 274 250 722 391 994 896 104 829 594 555 344 355 733 909 116 484 348 445 488 780
877 382 856 503 521 310 87 832 684 14 114 614 197 593 157 719 606 60 256 46 801 18 618 462 251 337 685 990 158 427 697 731 623 719 842 762 182 650 780 210 811 80 924 614 708 978 224 524 568 82 777 735 963 397 500 970 842 290 572 724 872 824 583 495 810 338 639 461 927 460 488 908 163 66 677 561 951 886 544 945 400 379 395 667 754 113 26 858 114 737 725 146 972 705 430 983 589 914 198 986
198 763 907 792 480 418 460 795 102 915 222 177 271 653 534 786 373 177 296 72 750 204 882 537 927 392 446 501 142 860 447 962 817 485 551 68 645 618 569 568 751 234 152 143 471 252 445 860 587 329 601 492 797 332 124 157 557 642 971 836 199 372 34 871 834 817 221 887 920 829 12 752 696 924 437 48 791 1 405 383 474 504 675 19 320 396 448 50 443 555 297 951 470 807 465 614 776 877 78 39
149 225 18 937 253 598 451 635 510 251 390 717 918 828 338 822 822 174 866 536 96 170 679 88 855 266 211 133 382 784 483 102 517 898 117 96 97 552 456 918 831 533 822 178 678 697 505 954 889 143 733 795 377 750 425 414 864 98 404 376 430 636 772 374 588 229 127 333 1 861 287 792 442 80 518 25 520 574 444 942 781 343 316 995 540 937 279 967 214 9 624 188 816 62 176 638 605 787 913 874
738 245 341 649 317 322 698 968 502 549 788 585 220 35 648 877 344 953 437 5 946 716 544 224 946 874 305 996 897 335 504 963 480 133 385 99 659 837 456 872 42 559 721 181 65 607 696 408 666 487 960 559 539 322 410 164 723 230 648 370 128 266 421 322 13 660 892 843 998 167 674 545 791 843 422 571 752 65 305 406 61 953 984 235 573 884 406 88 958 741 372 388 772 890 931 320 36 595 159 940
199 954 566 365 525 72 928 685 301 982 89 962 266 866 903 787 501 870 783 122 307 631 198 370 997 869 406 215 999 900 473 659 466 297 526 302 677 995 21 267 715 153 518 947 70 872 826 628 350 624 616 471 153 811 498 512 873 932 204 572 246 148 288 345 446 522 503 292 955 730 17 839 171 939 595 758 875 695 137 728 652 756 776 685 85 611 806 448 637 844 730 596 41 375 203 460 624 830 786 886
26 179 551 542 639 717 164 578 25 856 580 738 346 504 298 350 946 658 396 592 589 482 954 906 618 46 969 414 992 785 413 865 554 357 783 957 691 672 579 288 127 398 223 853 532 231 60 285 420 551 421 83 263 221 889 135 275 233 500 830 267 188 500 735 49 901 137 913 95 145 413 454 753 435 722 794 136 807 737 857 586 239 994 203 804 723 754 936 90 849 59 390 274 700 570 68 74 769 729 846
647 250 395 824 510 448 826 271 893 58 173 549 878 624 928 874 748 80 568 938 107 170 115 464 107 423 439 959 448 199 783 50 897 363 728 415 519 138 447 165 597 832 55 645 65 915 502 219 36 266 694 297 342 691 147 98 512 543 122 815 34 393 112 635 863 975 894 584 394 871 476 543 418 386 802 226 883 469 543 405 4 954 582 503 314 703 662 150 805 621 480 456 572 321 389 165 437 246 922 2
112 888 590 112 794 368 470 971 733 477 894 598 623 862 57 51 425 663 326 916 863 986 989 993 140 973 102 853 260 163 602 133 717 616 353 687 947 153 962 935 843 110 354 694 565 259 707 79 921 919 919 902 579 558 196 583 457 863 50 425 346 639 299 606 199 828 940 99 353 536 824 388 587 538 812 929 706 562 546 446 285 487 629 566 131 837 286 548 707 744 640 400 550 216 128 378 746 18 479 544
272 633 395 456 689 91 160 99 517 175 720 94 457 913 338 236 174 286 872 888 88 882 587 535 461 905 822 441 426 341 926 191 301 89 685 72 549 19 145 173 728 945 476 587 400 977 81 681 874 779 775 384 484 944 270 913 996 736 979 605 516 860 745 55 921 144 330 360 386 684 552 250 569 493 997 275 583 437 483 919 224 114 195 692 502 65 153 926 684 758 669 301 357 137 476 175 685 774 986 705
46 764 282 241 972 664 373 577 953 477 785 373 995 606 31 111 18 978 9 623 671 20 880 420 299 326 661 102 894 653 236 31 535 648 202 234 140 968 499 937 616 607 622 189 452 340 524 412 89 613 971 684 609 323 687 131 947 455 320 284 380 301 128 815 887 243 306 151 713 909 978 141 383 957 902 575 179 43 424 706 931 504 875 264 402 88 7 752 184 984 436 81 767 679 953 773 430 41 919 135
887 264 831 45 190 71 939 865 891 478 592 994 199 173 192 11 72 878 8 118 612 118 350 639 334 364 354 773 345 824 603 154 345 44 158 149 386 106 357 678 81 260 83 994 262 402 668 885 785 324 100 340 4 701 420 537 725 14 18 306 749 768 415 80 850 239 751 960 103 411 176 521 961 31 138 890 776 730 626 940 130 381 417 746 185 754 607 191 135 251 120 625 198 609 472 865 53 333 83 878
627 889 103 271 553 175 522 685 573 292 786 914 289 660 233 85 267 103 93 802 571 241 54 914 746 706 930 561 653 301 181 989 622 71 105 750 122 267 316 911 259 485 168 944 813 854 619 237 88 975 323 786 741 505 352 519 93 862 523 627 107 599 93 240 942 179 57 755 664 473 275 397 225 271 38 521 811 352 104 78 566 990 766 872 903 313 807 600 592 204 34 809 107 466 786 306 211 632 803 361
604 72 582 166 574 761 418 371 392 256 777 605 942 621 501 744 540 22 929 896 106 101 475 603 224 273 654 874 940 121 482 677 112 705 984 28 270 197 768 476 768 95 349 540 62 784 147 425 197 586 514 714 627 589 923 266 651 481 326 396 197 202 241 911 203 669 496 436 68 624 670 211 467 22 100 213 429 188 493 7 624 24 921 745 996 774 273 229 314 790 496 612 743 296 562 49 359 640 953 411
294 329 74 624 548 766 619 857 513 544 727 773 17 231 356 749 112 702 724 699 88 180 657 442 617 107 713 103 843 712 579 381 10 660 792 536 321 311 844 236 202 922 54 614 741 401 9 436 406 834 985 526 468 555 159 529 121 532 225 203 615 974 275 813 660 299 572 473 900 733 311 98 171 740 473 959 683 759 415 151 362 326 818 987 954 910 1 689 657 724 539 425 158 511 851 659 905 633 457 418
458 151 714 141 964 611 393 939 129 445 326 671 121 65 703 126 654 49 461 357 892 943 324 178 1 750 279 115 718 930 50 183 36 855 385 89 231 523 172 760 650 117 166 321 885 819 571 585 49 186 208 479 486 601 200 405 379 770 976 439 454 519 961 871 690 516 210 751 76 906 905 150 458 20 977 674 86 826 927 561 864 339 352 184 377 20 791 816 150 652 1000 654 875 31 74 280 880 276 153 199
613 665 783 994 15 115 675 108 442 93 600 855 869 935 957 511 737 557 879 572 887 488 788 668 161 95 908 568 438 686 88 673 904 729 995 145 156 381 500 563 499 5 397 369 692 79 972 472 880 277 940 938 346 495 171 691 136 242 410 890 74 72 872 342 432 360 315 273 877 29 213 304 253 457 702 280 561 654 161 600 566 874 282 211 395 388 705 550 314 773 126 161 788 904 684 858 84 716 242 38
619 800 224 167 711 756 654 362 659 352 667 484 480 711 227 318 554 221 705 622 427 156 453 51 197 67 523 430 666 310 861 747 351 297 378 675 432 609 212 741 37 735 700 103 905 258 63 930 976 32 582 181 18 994 239 255 684 398 738 978 300 898 745 652 654 253 193 281 145 647 444 817 31 722 582 171 700 51 754 816 493 192 217 810 510 368 19 590 891 562 308 223 70 235 790 193 502 553 498 98
63 35 278 524 684 677 52 987 602 222 912 307 954 356 545 9 494 411 135 278 769 530 69 479 426 368 488 273 811 262 207 752 864 921 409 573 959 637 313 757 903 240 950 844 223 159 361 123 352 894 700 929 452 821 765 51 897 971 511 507 32 302 949 969 521 867 965 841 506 700 393 493 768 18 360 856 523 646 193 926 701 842 50 531 849 675 945 288 756 845 63 563 34 705 818 860 380 167 978 334
742 597 464 886 688 293 758 118 990 901 465 943 209 388 765 527 297 634 768 98 18 836 985 568 965 740 789 248 885 223 990 318 423 488 24 612 366 549 905 116 607 267 763 362 513 31 613 14 32 610 231 361 307 30 552 811 13 642 330 29 1 837 629 887 9 843 82 266 863 458 839 215 686 709 886 19 218 861 714 406 211 65 833 533 140 497 96 764 279 401 432 653 255 602 76 399 797 527 625 262
577 833 637 371 536 793 166 296 4 346 55 749 18 263 223 928 132 406 840 443 804 419 542 65 452 681 818 667 214 11 320 569 178 473 176 66 26 70 200 672 59 485 666 436 71 623 870 45 111 749 84 535 839 387 450 806 193 71 752 356 312 642 832 242 235 240 154 730 293 362 357 233 200 735 739 241 132 311 622 507 518 360 371 104 486 277 867 872 663 939 326 687 444 620 772 818 867 683 994 588
355 868 914 520 316 685 958 479 16 557 667 660 10 4 569 402 87 562 944 238 217 102 668 78 142 736 905 33 194 227 419 793 760 129 725 975 537 976 737 377 253 324 746 661 936 284 696 829 334 822 695 325 173 825 898 231 662 214 137 31 111 47 799 601 312 280 107 184 667 42 178 712 863 55 978 115 949 130 643 962 686 734 118 827 343 14 304 775 798 963 901 820 637 44 950 799 798 123 287 186
873 744 539 897 752 237 668 97 444 477 513 82 805 426 32 466 843 499 853 34 876 948 805 316 882 457 135 582 558 317 971 286 134 83 825 673 224 172 998 308 266 475 419 100 968 488 210 128 673 4 638 547 114 938 881 441 114 991 323 711 796 669 79 427 278 112 505 392 59 371 442 583 658 613 37 217 507 447 534 654 342 941 207 375 532 81 372 561 812 232 499 303 851 205 587 243 170 828 357 235
105 676 125 891 368 889 666 253 956 48 246 157 377 688 719 748 462 602 120 38 701 506 253 958 20 725 952 246 350 505 333 472 398 866 829 4 445 801 772 187 426 289 503 699 869 160 79 395 979 609 54 429 601 886 746 881 625 558 27 790 207 908 536 457 509 971 865 330 875 434 398 683 404 429 633 565 621 552 418 364 672 300 591 538 239 499 339 440 590 496 616 846 212 197 222 688 306 377 734 579
154 572 479 395 593 700 950 221 755 55 300 642 863 66 101 880 69 223 384 673 137 420 244 23 807 183 987 443 419 978 101 147 647 900 253 529 357 847 587 958 607 438 825 550 715 163 245 853 546 111 494 356 938 531 166 878 72 861 180 496 693 40 45 349 110 955 631 889 64 910 116 263 991 783 390 370 530 51 815 564 563 756 101 768 717 548 237 251 513 246 80 657 612 113 921 359 629 220 427 871
769 746 767 47 819 510 992 862 812 201 680 952 703 178 940 777 62 804 458 275 587 806 678 367 554 656 463 534 323 283 906 916 872 243 373 110 223 700 383 423 956 284 511 599 846 754 777 72 761 896 748 56 503 525 553 703 626 452 409 803 713 777 838 307 472 290 305 395 558 869 187 945 549 43 716 847 947 315 428 951 800 217 532 150 823 635 170 861 926 753 219 607 878 522 63 222 812 581 160 131
292 45 985 513 503 115 128 11 338 243 552 109 111 631 789 622 131 872 669 942 345 249 394 283 921 141 535 775 489 896 587 72 411 771 549 913 681 858 438 798 207 539 206 54 640 506 32 801 461 535 575 5 380 413 542 634 624 592 363 316 607 646 266 288 180 54 57 840 280 850 729 698 574 148 161 552 560 550 317 346 919 626 306 628 629 480 872 558 717 365 580 17 485 732 950 647 775 161 343 45
693 33 870 968 766 716 878 355 276 980 440 41 432 820 27 525 964 354 890 369 161 283 619 880 864 106 83 211 941 288 261 92 998 845 191 217 763 210 780 909 637 418 252 270 272 443 669 941 628 45 894 923 478 571 774 114 25 872 622 460 691 916 312 477 255 780 231 560 8 877 271 786 700 262 590 583 610 447 400 474 990 861 421 895 501 287 42 937 57 672 422 491 945 823 210 929 389 646 72 496
223 520 499 705 619 583 19 79 696 158 668 212 907 875 154 992 311 720 77 741 451 295 128 792 71 411 890 503 959 681 483 295 257 801 376 204 568 522 917 744 804 821 192 376 918 942 683 137 620 339 324 455 918 105 909 653 192 115 22 215 309 233 462 732 564 522 413 29 550 476 324 399 962 82 667 635 942 556 461 69 162 851 769 640 973 671 443 118 186 952 78 519 816 878 847 321 840 766 209 911
676 233 56 611 684 520 224 539 650 946 335 693 801 853 346 749 984 239 596 38 675 14 849 823 490 864 438 597 308 283 387 633 122 856 286 448 40 495 153 172 569 594 939 222 105 946 874 450 8 44 7 395 6 723 168 915 352 504 848 641 173 562 917 57 259 477 805 927 253 425 221 957 371 38 329 561 453 671 379 735 322 663 532 88 426 449 267 255 535 892 644 553 363 602 816 579 543 60 396 172
963 147 169 121 613 484 928 4 652 436 479 300 44 718 250 691 477 820 785 674 952 567 4 522 309 290 811 595 326 615 72 357 565 545 8 709 216 669 159 661 217 664 271 571 964 825 870 661 122 570 536 474 214 713 485 781 880 117 665 59 932 328 488 259 931 216 412 254 882 102 186 286 708 339 63 705 684 697 711 273 948 283 798 742 106 450 517 538 414 270 603 464 288 701 469 393 475 500 291 920
143 1 28 392 38 685 348 228 997 419 944 521 954 643 69 516 407 637 965 907 613 253 457 961 845 58 929 211 698 421 512 544 849 832 226 316 424 580 332 639 646 654 970 165 154 577 354 80 608 108 631 481 445 679 522 849 62 511 952 589 355 487 921 355 889 230 993 36 135 514 518 526 285 140 375 811 473 594 565 870 730 76 922 34 140 816 328 814 357 765 676 710 387 711 910 527 275 971 266 823
459 320 473 899 93 119 439 212 534 285 16 690 790 176 267 107 885 148 512 995 112 261 391 905 713 233 427 359 19 785 863 284 346 399 15 281 272 899 699 858 293 351 627 203 244 414 338 909 83 36 420 188 264 232 892 624 250 171 311 589 101 916 405 401 228 345 74 166 653 679 465 647 326 987 300 164 153 827 73 14 901 194 474 847 111 409 868 952 916 479 955 380 55 748 190 545 898 489 823 902
764 574 795 6 326 790 769 973 890 606 72 652 662 159 972 962 485 89 905 291 186 268 728 715 278 591 701 185 11 691 181 763 614 283 312 602 72 224 355 421 380 208 230 357 656 774 144 576 39 829 25 207 42 367 954 140 288 102 156 908 71 72 267 370 553 521 291 241 757 452 836 888 243 640 459 713 399 666 525 103 268 103 663 316 984 611 891 949 780 946 815 495 10 328 183 112 745 73 567 258
837 242 184 263 576 435 59 586 5 787 543 910 819 537 848 666 382 402 499 878 512 494 612 1000 357 499 814 321 276 169 65 271 476 180 726 420 188 491 307 291 382 411 934 213 116 217 298 479 657 909 387 357 467 864 985 159 695 854 227 929 474 544 495 153 280 100 518 199 404 702 177 765 199 590 961 398 703 444 173 273 18 589 541 80 929 33 681 411 656 83 456 332 702 805 708 950 40 175 130 197
101 763 569 243 108 413 220 19 380 753 360 73 463 108 639 732 408 605 251 200 743 95 185 652 686 684 52 944 473 466 192 486 488 804 554 849 885 691 953 424 117 260 73 141 635 973 201 146 276 407 292 680 992 644 374 373 218 131 3 667 709 437 491 676 973 480 279 387 475 763 123 898 915 840 660 754 911 710 134 384 855 302 161 294 112 271 892 504 511 561 348 881 146 992 881 156 788 583 145 611
362 573 203 802 381 885 924 805 773 454 708 650 481 324 342 245 663 841 446 783 167 761 188 957 522 786 924 246 994 808 780 736 723 787 56 320 106 272 510 700 690 47 889 910 697 896 379 87 232 902 456 863 621 237 797 141 76 720 636 321 731 704 493 283 709 325 634 772 988 268 692 549 576 640 114 182 883 41 258 496 318 705 705 758 837 140 56 268 626 908 140 711 688 775 613 685 431 959 918 665
794 246 880 587 171 209 936 445 28 753 519 816 85 848 684 405 346 129 512 849 638 37 205 904 645 278 206 329 571 916 365 465 336 362 581 309 439 397 429 163 379 915 628 353 763 121 423 860 565 962 497 426 726 448 526 537 977 874 971 362 492 980 342 543 979 952 143 651 375 876 62 77 946 49 614 34 566 994 398 141 337 14 297 173 382 134 190 866 435 937 985 280 181 308 882 27 387 883 113 766
271 205 887 57 755 93 489 776 138 301 661 85 172 493 405 713 157 73 966 257 991 856 892 339 915 937 64 826 520 671 850 105 78 884 497 747 455 450 27 992 982 833 76 284 363 497 611 731 91 182 830 964 779 340 165 458 440 159 740 722 569 915 351 171 431 971 104 873 10 35 729 493 894 755 874 447 504 499 784 647 797 343 654 534 18 451 321 849 908 559 699 134 550 661 612 915 325 266 933 919
533 613 229 551 68 216 672 116 34 133 179 255 587 111 362 774 762 124 162 284 639 89 788 707 830 183 293 449 734 52 652 643 308 353 253 19 21 733 136 622 139 879 956 695 583 452 60 807 532 661 678 7 766 223 614 770 833 64 79 769 66 367 619 45 948 225 394 389 999 779 570 680 109 256 56 529 222 748 570 712 376 907 185 741 258 223 735 667 36 987 165 172 529 650 775 403 319 671 845 77
335 455 270 986 506 198 362 527 566 561 534 971 382 242 13 458 988 111 638 536 895 432 52 143 322 665 523 339 480 438 711 932 436 463 369 657 928 564 626 611 213 273 539 259 539 843 135 457 523 921 295 422 602 645 928 43 979 145 880 655 511 393 17 557 311 88 792 49 885 647 522 825 659 81 62 729 23 410 915 774 350 382 990 710 936 830 248 309 872 865 734 255 575 16 651 772 896 181 9 981
730 17 502 287 300 343 386 439 656 329 960 891 34 748 589 567 737 311 783 660 417 696 492 892 749 604 140 305 659 884 529 826 555 65 779 732 961 372 670 992 351 249 898 311 321 347 156 196 833 905 761 84 524 649 719 861 327 551 411 172 122 522 114 763 302 840 9 718 258 486 627 504 477 965 413 86 770 969 860 653 735 745 936 436 971 472 581 283 927 862 425 131 659 531 39 256 436 535 992 17
711 810 910 522 396 612 218 210 673 731 758 231 498 326 110 353 597 437 157 681 656 883 854 276 866 271 321 79 838 821 445 43 354 120 819 567 701 157 485 793 994 632 614 251 340 319 960 630 878 97 884 785 993 482 925 420 819 240 577 280 360 735 546 519 994 221 262 965 72 432 957 211 384 500 390 96 835 648 777 6 674 854 771 851 975 692 77 760 941 122 267 145 190 490 190 632 379 621 608 391
466 749 437 865 535 309 747 562 734 404 793 823 369 922 40 775 827 537 97 512 238 138 523 652 957 351 413 114 146 354 455 360 166 533 652 279 906 134 983 538 199 235 443 999 237 397 241 184 622 290 882 278 930 327 725 540 97 684 950 92 353 233 557 966 565 786 972 77 551 590 964 926 629 436 53 934 602 225 339 197 556 849 557 252 139 233 366 915 134 418 435 396 342 849 67 514 849 40 906 94
632 297 666 667 562 485 918 295 424 32 690 359 649 752 965 25 423 407 216 123 278 962 880 347 590 94 81 975 538 276 308 108 24 807 638 267 647 74 626 731 653 605 984 94 578 434 205 288 842 639 616 514 974 169 322 791 516 849 886 487 784 385 636 267 86 905 756 912 605 36 878 191 263 658 782 591 20 598 996 943 119 909 877 80 70 78 107 305 560 616 17 523 43 662 678 133 738 651 443 934
715 753 743 284 402 430 340 750 102 224 238 258 354 116 42 143 255 51 96 362 48 919 450 798 371 327 43 49 69 166 406 379 871 916 778 376 829 507 936 850 298 796 609 664 144 663 879 361 8 768 888 530 327 73 372 331 172 142 136 428 950 125 465 219 929 101 802 946 17 258 299 48 910 87 36 138 216 127 920 609 875 728 234 82 226 260 960 224 905 705 722 794 164 541 547 528 997 325 294 497
787 185 404 31 41 427 806 312 895 215 975 358 228 873 797 118 656 767 516 754 573 218 537 457 933 233 603 313 322 950 839 842 518 760 235 707 136 324 123 880 580 601 918 561 767 890 365 14 276 536 402 881 81 832 743 307 748 102 114 150 578 728 265 190 429 913 115 254 539 355 841 730 448 875 180 935 39 238 843 469 975 426 282 548 901 158 391 353 146 827 568 144 272 53 619 386 933 269 854 20
137 48 262 172 91 75 576 542 172 883 87 30 83 595 390 592 706 636 507 652 501 133 665 255 886 889 222 153 503 970 887 47 735 761 280 79 47 144 532 7 380 608 682 653 655 480 952 135 523 813 793 494 946 638 578 42 836 671 168 834 71 295 33 220 702 958 103 98 93 950 270 79 432 562 650 832 783 232 970 132 753 214 417 297 636 714 768 610 289 212 183 778 331 510 145 172 360 820 79 323
743 687 201 17 891 873 375 349 884 376 456 45 418 342 10 887 26 931 945 48 216 921 195 847 524 321 669 409 820 494 402 654 707 941 731 517 502 888 108 973 977 510 127 208 815 188 879 654 860 594 849 507 493 339 632 141 270 841 1000 635 600 266 96 811 271 145 531 244 750 878 777 232 425 571 229 619 15 884 796 722 784 863 976 300 298 352 159 991 206 56 215 645 630 645 65 291 952 498 545 863
900 301 109 831 221 841 529 900 195 391 431 245 993 678 249 985 315 328 293 181 314 852 321 468 863 6 852 831 279 128 948 973 763 62 225 135 98 155 176 253 697 620 759 335 610 956 26 484 113 748 464 280 115 773 336 245 701 47 402 298 879 677 753 816 557 24 700 66 469 301 28 811 673 531 345 795 728 778 412 311 672 361 804 468 482 199 264 327 210 51 927 222 471 659 606 331 652 980 369 674
351 786 427 481 176 424 964 206 308 103 599 979 774 965 412 692 1000 662 936 318 231 151 926 1 377 168 301 392 988 243 581 988 523 806 331 753 134 935 554 269 216 555 368 486 954 172 42 264 694 886 381 878 650 859 913 88 739 731 369 903 664 915 179 312 522 773 399 126 112 294 638 859 540 49 35 582 246 573 142 349 178 291 25 87 541 496 739 361 421 825 845 631 364 795 651 898 177 6 307 995
836 494 292 393 727 69 498 52 646 773 204 776 449 130 376 319 289 162 529 911 396 146 915 859 473 664 923 546 581 467 860 69 694 863 783 286 575 925 664 877 308 279 707 889 684 966 61 770 162 570 808 238 330 425 696 493 40 70 380 893 167 353 879 528 927 856 683 845 781 556 329 764 374 46 705 971 974 306 248 636 589 222 955 972 139 24 10 465 699 115 202 70 734 874 52 338 907 699 763 217
344 357 600 411 793 182 438 464 232 936 847 854 535 934 871 778 199 339 884 967 637 73 594 886 92 798 388 112 7 19 998 942 718 179 572 168 129 405 236 671 518 599 730 324 544 358 708 287 102 648 238 107 516 124 936 582 289 811 205 878 673 56 274 363 122 724 920 31 715 648 578 840 922 87 906 855 63 738 371 512 269 522 199 329 882 637 823 866 308 524 493 989 792 938 197 334 904 518 261 196
355 729 103 799 125 853 414 1000 716 382 741 247 862 46 691 524 162 441 948 319 506 322 816 470 82 810 831 551 417 904 680 861 882 658 660 711 675 644 621 860 69 593 151 218 398 356 915 232 972 186 534 490 597 344 450 540 113 456 547 996 785 588 856 923 295 650 822 158 578 540 717 377 413 126 216 27 546 586 540 314 924 660 737 997 712 322 444 65 684 777 845 48 456 74 962 700 672 364 419 419
610 236 802 710 741 299 209 102 322 557 132 907 968 995 423 43 433 721 863 663 353 13 162 925 17 307 535 225 323 216 144 837 223 325 294 701 690 81 18 511 795 672 80 330 502 882 21 793 890 504 920 451 574 7 381 561 19 21 459 397 400 94 408 653 240 529 26 15 168 593 886 179 8 589 571 513 440 116 922 511 72 595 193 308 839 192 819 557 793 385 866 723 842 313 700 69 92 584 237 377
935 929 546 166 663 150 890 518 122 335 561 437 269 984 410 41 600 191 840 751 587 927 281 715 767 953 111 164 271 870 10 584 538 776 327 357 670 896 326 956 126 381 522 956 887 661 691 316 256 680 553 485 265 479 377 286 894 382 143 641 607 521 891 431 179 666 850 311 509 277 831 345 134 105 495 966 614 467 582 372 822 25 691 731 745 582 227 242 46 239 523 43 758 635 874 248 768 51 558 71
430 356 869 139 306 350 127 114 397 686 53 864 329 722 920 585 94 266 345 228 83 860 590 848 833 543 525 861 724 186 326 959 979 383 928 671 805 5 376 485 914 18 114 184 507 775 656 263 803 159 228 508 762 558 1 259 651 663 282 433 181 200 964 415 947 361 784 941 910 327 816 996 657 464 608 996 121 486 605 122 910 986 236 854 197 35 211 923 737 250 127 297 670 93 928 941 344 73 42 603
241 999 927 649 657 294 160 914 493 782 317 964 829 610 327 331 259 834 579 321 225 745 670 474 783 301 192 569 882 431 981 852 786 219 92 261 478 96 844 474 519 764 18 855 718 177 322 475 614 294 990 119 637 815 324 634 857 995 292 173 345 738 223 916 691 438 926 930 536 854 634 434 846 842 281 36 397 347 886 179 884 647 945 684 320 282 32 491 107 456 387 838 483 551 930 985 824 72 338 358
928 787 423 754 490 567 106 384 452 201 538 172 497 586 797 446 353 822 285 16 116 908 975 795 351 262 260 630 345 555 79 464 387 822 885 606 837 693 958 336 732 321 717 290 514 125 859 132 456 180 480 710 96 677 539 292 750 7 272 240 233 384 563 479 236 324 360 211 916 485 814 116 595 57 384 813 671 498 838 751 441 545 829 80 782 176 703 974 790 291 190 450 245 733 917 586 979 569 151 810
174 923 535 349 724 243 941 610 179 197 955 376 487 347 758 299 38 64 27 618 892 697 776 23 836 126 46 997 525 918 141 914 993 124 313 967 502 139 986 717 511 11 870 867 696 307 961 344 1000 536 867 346 333 772 227 587 653 312 993 811 357 282 599 837 989 320 888 811 400 876 282 274 171 821 329 295 497 953 734 351 14 612 354 733 973 273 95 808 984 695 182 215 704 35 170 325 474 436 92 455
221 954 978 94 928 266 922 319 656 526 992 257 899 274 39 879 196 347 514 358 780 494 543 967 511 416 621 771 870 929 878 211 809 445 243 461 252 831 936 181 552 726 505 544 838 535 823 366 549 660 628 625 245 780 752 801 418 157 587 226 962 729 471 502 54 810 774 661 970 521 100 680 405 523 923 645 324 127 685 121 45 660 598 881 234 980 518 73 710 567 987 813 890 585 390 537 389 153 11 75
208 275 59 985 605 981 944 545 941 75 357 496 580 855 198 527 622 43 805 579 848 191 222 582 762 422 162 452 865 827 783 678 561 555 191 384 702 565 312 784 947 661 476 686 499 195 952 830 900 976 435 734 411 478 362 944 435 887 897 576 365 941 424 419 83 313 916 632 4 407 575 379 437 304 676 331 709 866 392 733 439 279 162 973 316 200 630 908 747 264 836 459 60 255 818 703 866 159 158 411
591 101 455 30 750 499 318 290 5 8 66 652 105 761 908 873 553 31 227 64 934 766 554 417 264 134 21 706 461 700 726 541 659 20 800 82 449 481 658 504 955 397 839 625 181 50 476 992 72 217 67 575 728 944 541 489 446 488 437 752 107 848 684 141 906 722 985 574 5 661 241 580 681 322 60 230 667 80 923 31 968 942 904 532 179 330 978 166 802 306 301 912 381 570 779 401 439 749 631 39
622 528 83 823 860 705 614 484 63 471 187 193 203 906 777 858 965 768 283 417 921 804 456 296 829 423 771 882 121 673 106 96 313 450 729 91 924 310 497 546 130 730 974 336 39 685 912 503 700 426 804 618 448 579 690 731 922 279 450 547 852 986 345 614 154 407 596 672 752 399 395 81 583 309 226 182 378 289 611 79 307 348 604 556 137 425 680 202 610 692 82 888 65 335 717 876 928 697 439 525
933 150 830 443 911 263 910 805 243 722 212 948 952 201 334 440 474 355 707 220 971 333 186 502 647 530 709 568 459 154 1 647 902 406 324 391 413 908 50 964 578 271 589 785 911 431 543 379 238 327 35 522 587 792 592 349 755 984 593 675 615 386 660 190 666 244 223 311 132 621 32 561 398 407 395 534 622 868 832 538 512 920 441 944 339 545 851 281 222 493 433 234 648 14 695 34 29 563 192 440
412 335 148 975 809 492 569 833 756 590 435 608 417 979 441 795 458 679 582 835 597 489 62 335 454 607 73 794 546 61 596 541 486 178 273 784 286 841 401 550 679 35 962 393 48 512 987 970 66 287 758 325 797 218 874 794 714 360 775 991 504 596 573 714 949 185 187 789 533 992 663 775 10 326 144 168 730 728 237 561 941 69 973 330 605 345 456 108 407 680 818 868 747 365 722 61 589 938 81 271
182 701 607 22 733 85 132 160 201 995 586 674 599 271 481 493 918 123 256 209 504 967 385 445 566 476 212 781 251 1000 959 539 260 734 20 398 897 109 382 171 301 928 375 436 633 314 328 400 318 631 908 746 774 533 669 365 553 262 905 400 779 685 711 594 492 311 155 661 438 372 410 517 707 588 160 832 233 6 246 41 625 988 446 499 678 459 722 456 600 940 419 181 246 554 144 14 742 606 8 323
449 280 156 849 599 494 651 706 358 120 222 862 534 375 378 767 725 251 687 318 764 194 677 328 993 263 889 799 555 930 86 633 286 155 585 474 753 572 559 92 498 274 564 916 101 703 811 961 565 776 994 928 472 150 122 617 816 722 447 749 390 815 633 383 366 934 428 727 414 915 653 4 411 370 779 775 152 416 610 813 512 515 917 538 385 370 599 764 77 556 487 783 650 804 370 257 277 978 8 668
666 237 467 182 375 852 551 49 160 53 841 379 344 183 383 739 651 593 66 467 885 738 599 655 104 500 668 438 358 27 331 269 634 649 663 750 700 383 70 912 240 680 121 791 299 757 713 31 397 278 122 994 57 253 280 923 727 767 768 294 442 847 857 507 784 163 887 326 812 476 748 993 854 793 747 299 652 670 927 580 728 292 245 72 698 616 680 206 756 636 25 219 77 545 110 376 366 933 925 254
322 287 653 766 467 928 660 791 127 235 908 59 845 552 879 803 682 508 146 480 145 562 290 976 712 990 695 74 464 448 592 825 435 830 152 119 51 233 857 680 57 907 216 153 909 519 124 844 11 823 390 772 240 904 598 407 879 211 353 956 842 120 280 26 986 635 878 989 518 943 924 399 309 563 808 236 224 252 35 483 351 16 51 702 990 557 325 68 707 45 477 977 532 904 573 49 560 379 497 641
441 767 602 939 346 432 648 161 840 56 263 57 257 993 219 22 372 562 298 599 322 449 721 394 221 760 946 471 97 493 480 989 134 175 345 402 878 217 729 551 85 818 567 401 32 782 466 960 455 64 425 608 46 719 770 686 152 947 583 171 157 737 440 170 457 370 126 809 425 168 426 712 855 618 8 613 910 692 714 958 207 261 7 324 643 225 770 906 84 757 410 877 979 66 716 364 623 403 985 778
833 585 929 998 131 890 665 541 429 361 311 161 262 692 114 47 21 582 278 170 570 923 940 133 35 440 54 529 270 907 931 553 261 311 235 776 921 678 903 499 182 84 584 12 76 863 300 323 428 436 126 722 462 90 525 799 386 840 854 4 378 472 400 58 345 543 592 90 787 119 66 942 765 622 100 505 134 415 801 15 360 757 217 412 985 930 864 655 537 737 324 391 818 196 497 978 453 465 129 355
379 476 881 512 151 778 652 356 366 866 687 467 852 806 709 90 366 258 339 76 35 960 840 873 818 97 834 600 624 181 33 467 863 967 835 582 134 667 880 506 608 607 567 834 412 148 712 108 989 201 795 267 209 260 666 720 743 238 986 495 767 159 30 902 590 327 463 221 825 696 205 180 384 866 284 293 111 435 707 525 654 429 139 288 691 215 279 281 982 876 357 437 211 714 417 394 511 716 527 870
507 619 271 399 224 951 763 719 93 725 345 946 863 16 529 885 650 6 97 1000 922 400 768 670 801 953 826 315 512 986 855 613 400 204 293 334 382 966 564 86 818 861 5 42 702 70 177 193 954 73 9 465 832 940 584 295 96 471 558 788 933 136 723 642 46 787 285 993 90 346 605 8 239 51 731 717 215 792 819 546 59 229 564 390 940 746 971 569 553 272 793 15 707 192 787 191 276 707 264 97
982 617 457 726 208 386 428 844 329 652 856 312 991 215 9 336 963 999 853 278 186 144 137 465 371 838 983 132 188 562 856 946 308 79 518 172 570 146 573 849 630 572 699 617 543 920 884 926 318 399 37 278 263 903 425 138 608 712 681 563 771 417 297 936 398 525 15 470 508 315 361 126 488 904 609 689 572 801 458 722 853 942 607 312 161 684 89 595 707 610 555 45 223 890 177 494 521 739 729 162
